[arena]
background=circle2.bmp
mmPerPixel=2.5
floorColour=clBlack
wallColour=clRed
[robot]
wheelTrack=120
wheelDiam=49.6
gearRatio=0.125
theta=0
pos.x=-287.090964636502
pos.y=57.5
left=0
right=2
[robot.output.1]
type=motor
pos.x=0
pos.y=60
maxRevPerSec=5.83333333333333
power=0
dirn=0
onOff=0
bias=100
noise=0
[robot.output.2]
type=unused
pos.x=0
pos.y=0
maxRevPerSec=0
power=7
dirn=0
onOff=1
bias=100
noise=0
[robot.output.3]
type=motor
pos.x=0
pos.y=-60
maxRevPerSec=5.83333333333333
power=0
dirn=0
onOff=0
bias=100
noise=0
[robot.input.1]
type=light
pos.x=55.0000000000033
pos.y=49.9999999999983
bias=0
noise=0
diameter=1
[robot.input.2]
type=light
pos.x=70.0000000000054
pos.y=-1.76214598468505E-12
bias=0
noise=136
diameter=1
[robot.input.3]
type=light
pos.x=55.0000000000051
pos.y=-49.9999999999988
bias=0
noise=0
diameter=1
