[arena]
background=treasure_map.bmp
mmPerPixel=5
floorColour=clMoneyGreen
wallColour=clRed
[robot]
wheelTrack=120
wheelDiam=49.6
gearRatio=0.125
theta=-3.14159265359142
pos.x=170
pos.y=550
left=0
right=2
[robot.output.1]
type=motor
pos.x=5.57128128353401E-15
pos.y=60
maxRevPerSec=5.83333333333333
power=7
dirn=0
onOff=1
bias=100
noise=0
[robot.output.2]
type=unused
pos.x=0
pos.y=0
maxRevPerSec=0
power=7
dirn=0
onOff=1
bias=100
noise=0
[robot.output.3]
type=motor
pos.x=-5.57128128353401E-15
pos.y=-60
maxRevPerSec=5.83333333333333
power=7
dirn=0
onOff=1
bias=100
noise=0
[robot.input.1]
type=switch
pos.x=50.0000000000037
pos.y=49.9999999999827
bias=0
noise=0
diameter=1
[robot.input.2]
type=light
pos.x=70.000000000004
pos.y=-6.98876644489357E-12
bias=0
noise=0
diameter=1
[robot.input.3]
type=switch
pos.x=50.0000000000031
pos.y=-50.000000000007
bias=0
noise=0
diameter=1
