[arena]
background=choose.bmp
mmPerPixel=2.5
floorColour=clWhite
wallColour=clRed
[robot]
wheelTrack=120
wheelDiam=49.6
gearRatio=0.125
theta=1.5707963267949
pos.x=-2.49999999999999
pos.y=-427.5
left=0
right=2
[robot.output.1]
type=motor
pos.x=3.89587450841389E-14
pos.y=60
maxRevPerSec=5.83333333333333
power=7
dirn=0
onOff=1
bias=100
noise=0
[robot.output.2]
type=unused
pos.x=0
pos.y=0
maxRevPerSec=0
power=7
dirn=0
onOff=1
bias=100
noise=0
[robot.output.3]
type=motor
pos.x=1.78846737766691E-14
pos.y=-60
maxRevPerSec=5.83333333333333
power=7
dirn=0
onOff=1
bias=100
noise=0
[robot.input.1]
type=switch
pos.x=50.0000000000002
pos.y=50.0000000000002
bias=0
noise=0
diameter=1
[robot.input.2]
type=light
pos.x=70
pos.y=4.55036670236192E-13
bias=0
noise=0
diameter=1
[robot.input.3]
type=switch
pos.x=50.0000000000001
pos.y=-49.9999999999995
bias=0
noise=0
diameter=1
