[arena]
background=grey_gradient.bmp
mmPerPixel=2.5
floorColour=clWhite
wallColour=clRed
[robot]
wheelTrack=120
wheelDiam=49.6
gearRatio=0.125
theta=1.570796
pos.x=32
pos.y=15
left=0
right=2
[robot.output.1]
type=motor
pos.x=-1.20755835992101E-16
pos.y=60
maxRevPerSec=5.83333333333333
power=7
dirn=0
onOff=0
bias=100
noise=0
[robot.output.2]
type=unused
pos.x=0
pos.y=0
maxRevPerSec=0
power=7
dirn=0
onOff=1
bias=100
noise=0
[robot.output.3]
type=motor
pos.x=1.20758158715261E-16
pos.y=-60
maxRevPerSec=5.83333333333333
power=7
dirn=1
onOff=0
bias=100
noise=0
[robot.input.1]
type=switch
pos.x=50.0000000000334
pos.y=50.0000000000055
bias=0
noise=0
diameter=1
[robot.input.2]
type=light
pos.x=70.0000000000266
pos.y=-3.75003577161844E-12
bias=0
noise=0
diameter=1
[robot.input.3]
type=switch
pos.x=50.0000000000208
pos.y=-50.0000000000165
bias=0
noise=0
diameter=1
