[arena]
background=selenium_field.bmp
mmPerPixel=10
floorColour=clWhite
wallColour=clRed
[robot]
wheelTrack=120
wheelDiam=100
gearRatio=0.125
theta=1.57495672686871
pos.x=969.95005850556
pos.y=-1682.84224920191
left=0
right=2
[robot.output.1]
type=motor
pos.x=-1.46614179672745E-13
pos.y=60
maxRevPerSec=5.83333333333333
power=3
dirn=0
onOff=0
bias=100
noise=0
[robot.output.2]
type=unused
pos.x=0
pos.y=0
maxRevPerSec=0
power=7
dirn=0
onOff=1
bias=100
noise=0
[robot.output.3]
type=motor
pos.x=-8.02845474563024E-14
pos.y=-59.9999999999999
maxRevPerSec=5.83333333333333
power=4
dirn=0
onOff=0
bias=100
noise=0
[robot.input.1]
type=light
pos.x=50.0000000000256
pos.y=49.9999999999907
bias=0
noise=0
diameter=1
[robot.input.2]
type=light
pos.x=69.9999999999993
pos.y=-1.82053252681391E-11
bias=0
noise=0
diameter=1
[robot.input.3]
type=light
pos.x=49.9999999999951
pos.y=-50.0000000000089
bias=0
noise=0
diameter=1
