[arena]
background=
mmPerPixel=2.5
floorColour=clWhite
wallColour=clRed
[robot]
wheelTrack=120
wheelDiam=49.6
gearRatio=0.125
theta=1.5707963267949
pos.x=7.5
pos.y=2.5
left=0
right=2
[robot.output.1]
type=motor
pos.x=1.95278146951361E-13
pos.y=59.9999999999994
maxRevPerSec=5.83333333333333
power=7
dirn=0
onOff=1
bias=100
noise=0
[robot.output.2]
type=unused
pos.x=0
pos.y=0
maxRevPerSec=5.83333333333333
power=7
dirn=0
onOff=1
bias=100
noise=0
[robot.output.3]
type=motor
pos.x=-9.55558874214668E-13
pos.y=-59.9999999999999
maxRevPerSec=5.83333333333333
power=7
dirn=1
onOff=1
bias=100
noise=0
[robot.input.1]
type=switch
pos.x=50.0000000000002
pos.y=49.9999999999988
bias=0
noise=0
diameter=1
[robot.input.2]
type=light
pos.x=69.9999999999994
pos.y=-9.26524861607353E-13
bias=0
noise=0
diameter=1
[robot.input.3]
type=switch
pos.x=49.9999999999992
pos.y=-50.0000000000005
bias=0
noise=0
diameter=1
