[arena]
background=greys.bmp
mmPerPixel=2.5
wallColour=clRed
floorColour=clWhite

[robot]
wheelTrack=120
wheelDiam=49.6
gearRatio=0.125
theta=1.5707963267949
pos.x=-1.10844666778576E-12
pos.y=-220
left=0
right=2

[robot.output.1]
type=motor
power=7
maxRevPerSec=5.83333333333333
pos.x=-1.78846737766691E-14
pos.y=60
bias=100
noise=0
dirn=0
onOff=0

[robot.output.2]
type=unused
pos.x=0
pos.y=0
maxRevPerSec=5.83333333333333
power=7
dirn=0
onOff=1
bias=100
noise=0

[robot.output.3]
type=motor
maxRevPerSec=5.83333333333333
power=7
pos.x=-1.05370356537349E-14
pos.y=-60
bias =100
noise=0
dirn=0
onOff=0

[robot.input.1]
type=unused
noise=0
diameter=1
bias=0
pos.x=50.0000000000023
pos.y=50.0000000000014

[robot.input.2]
type=light
pos.x=70.0000000000001
pos.y=-1.7030159834425E-14
radius=1
bias=0
noise=0
diameter=1

[robot.input.3]
type=unused

pos.x=50.0000000000022
pos.y=-49.9999999999987
bias=0
noise=0
diameter=1
