[arena]
background=grey_gradient.bmp
mmPerPixel=2.5
floorColour=clWhite
wallColour=clRed
[robot]
wheelTrack=120
wheelDiam=49.6
gearRatio=0.125
theta=1.570796
pos.x=1.24344978758018E-14
pos.y=-400
left=0
right=2
[robot.output.1]
type=motor
pos.x=-5.44982635419285E-15
pos.y=60
maxRevPerSec=5.83333333333333
power=2
dirn=0
onOff=0
bias=100
noise=0
[robot.output.2]
type=unused
pos.x=0
pos.y=0
maxRevPerSec=0
power=7
dirn=0
onOff=0
bias=100
noise=0
[robot.output.3]
type=motor
pos.x=5.44982635419285E-15
pos.y=-60
maxRevPerSec=5.83333333333333
power=2
dirn=0
onOff=0
bias=100
noise=0
[robot.input.1]
type=switch
pos.x=50.0000000000463
pos.y=49.999999999995
bias=0
noise=0
diameter=1
[robot.input.2]
type=light
pos.x=70.0000000000295
pos.y=-2.10320717415243E-11
bias=0
noise=0
diameter=1
[robot.input.3]
type=switch
pos.x=50.0000000000106
pos.y=-50.0000000000312
bias=0
noise=0
diameter=1
