[arena]
background=NN_textures.bmp
mmPerPixel=2.5
floorColour=clWhite
wallColour=clRed
[robot]
wheelTrack=120
wheelDiam=49.6
gearRatio=0.125
left=0
right=2


[robot.output.1]
type=motor
pos.x=1.73224629085311E-12
pos.y=59.9999999999984
maxRevPerSec=5.83333333333333
power=2
dirn=0
onOff=1
bias=100
noise=0
[robot.output.2]
type=unused
pos.x=0
pos.y=0
maxRevPerSec=0
power=7
dirn=0
onOff=1
bias=100
noise=0
[robot.output.3]
type=motor
pos.x=1.40331843367925E-12
pos.y=-60.0000000000003
maxRevPerSec=5.83333333333333
power=2
dirn=1
onOff=1
bias=100
noise=0
[robot.input.1]
type=switch
pos.x=50.0000000000397
pos.y=49.9999999999973
bias=0
noise=0
diameter=1
[robot.input.2]
type=light
pos.x=70.0000000000223
pos.y=-2.04728456409953E-11
bias=0
noise=0
diameter=1
[robot.input.3]
type=switch
pos.x=50.0000000000085
pos.y=-50.0000000000279
bias=0
noise=0
diameter=1
