[arena]
background=circle2.bmp
mmPerPixel=2.5
floorColour=clBlack
wallColour=clRed
[robot]
wheelTrack=120
wheelDiam=49.6
gearRatio=0.125
theta=0.383817429428553
pos.x=-201.867875447359
pos.y=-384.744719073194
left=0
right=2
[robot.output.1]
type=motor
pos.x=-1.58380253356682E-15
pos.y=60
maxRevPerSec=5.83333333333333
power=5
dirn=0
onOff=0
bias=100
noise=0
[robot.output.2]
type=unused
pos.x=0
pos.y=0
maxRevPerSec=0
power=7
dirn=0
onOff=1
bias=100
noise=0
[robot.output.3]
type=motor
pos.x=2.28688595838022E-14
pos.y=-60
maxRevPerSec=5.83333333333333
power=5
dirn=0
onOff=0
bias=100
noise=0
[robot.input.1]
type=light
pos.x=55.0000000000026
pos.y=49.9999999999997
bias=0
noise=0
diameter=1
[robot.input.2]
type=light
pos.x=70.0000000000036
pos.y=-2.10670023093051E-13
bias=0
noise=136
diameter=1
[robot.input.3]
type=light
pos.x=55.0000000000027
pos.y=-50
bias=0
noise=0
diameter=1
