[arena]
background=Campus.bmp
mmPerPixel=2.5
floorColour=clWhite
wallColour=clRed
[robot]
wheelTrack=120
wheelDiam=49.6
gearRatio=0.125
theta=3.14159265358979
pos.x=-140
pos.y=-42.5
left=0
right=2
[robot.output.1]
type=motor
pos.x=5.08685975286749E-15
pos.y=60
maxRevPerSec=5.83333333333333
power=7
dirn=0
onOff=1
bias=100
noise=0
[robot.output.2]
type=unused
pos.x=0
pos.y=0
maxRevPerSec=0
power=7
dirn=0
onOff=1
bias=100
noise=0
[robot.output.3]
type=motor
pos.x=-5.08685975286749E-15
pos.y=-60
maxRevPerSec=5.83333333333333
power=7
dirn=0
onOff=1
bias=100
noise=0
[robot.input.1]
type=switch
pos.x=49.9999999999894
pos.y=50.0000000000201
bias=0
noise=0
diameter=1
[robot.input.2]
type=light
pos.x=69.9999999999975
pos.y=1.78050032400082E-11
bias=0
noise=0
diameter=1
[robot.input.3]
type=switch
pos.x=50.000000000003
pos.y=-49.9999999999785
bias=0
noise=0
diameter=1
