[arena]
background=
mmPerPixel=2.5
floorColour=clWhite
wallColour=clRed
[robot]
wheelTrack=120
wheelDiam=49.6
gearRatio=0.125
theta=1.571
pos.x=-2.49962973536485
pos.y=-29.3179349111739
left=0
right=2
[robot.output.1]
type=motor
pos.x=3.32073337740418E-16
pos.y=60
maxRevPerSec=5.83333333333333
power=7
dirn=0
onOff=1
bias=100
noise=0
[robot.output.2]
type=unused
pos.x=0
pos.y=0
maxRevPerSec=0
power=7
dirn=0
onOff=1
bias=100
noise=0
[robot.output.3]
type=motor
pos.x=-3.3062575843356E-16
pos.y=-60
maxRevPerSec=5.83333333333333
power=7
dirn=0
onOff=1
bias=100
noise=0
[robot.input.1]
type=unused
pos.x=49.9999999999999
pos.y=49.9999999999996
bias=0
noise=0
diameter=1
[robot.input.2]
type=light
pos.x=70.0000000000003
pos.y=1.41988979981186E-16
bias=0
noise=0
diameter=1
[robot.input.3]
type=unused
pos.x=50
pos.y=-50.0000000000003
bias=0
noise=0
diameter=1
