[arena]
background=loop.bmp
mmPerPixel=2.5
floorColour=clWhite
wallColour=clRed

[robot]
wheelTrack=120
wheelDiam=40
gearRatio=0.125
theta=1.571
pos.x=-0.0368174431561722
pos.y=180.767237538169
left=0
right=2

[robot.output.1]
type=motor
pos.x=3.89618892704391E-15
pos.y=60.0000000000001
maxRevPerSec=5.83333333333333
power=7
dirn=1
onOff=0
bias=100
noise=0

[robot.output.2]
type=unused
pos.x=0
pos.y=0
maxRevPerSec=5.83333333333333
power=7
dirn=0
onOff=1
bias=100
noise=0

[robot.output.3]
type=motor
pos.x=2.45515413554998E-14
pos.y=-59.9999999999999
maxRevPerSec=5.83333333333333
power=7
dirn=1
onOff=0
bias=100
noise=0

[robot.input.1]
type=unused
pos.x=50
pos.y=50.0000000000002
bias=0
noise=0
diameter=1

[robot.input.2]
type=light
pos.x=70
pos.y=4.16333634234434E-17
bias=0
noise=0
diameter=1

[robot.input.3]
type=unused
pos.x=50
pos.y=-49.9999999999998
bias=0
noise=0
diameter=1
