[arena]
background=track.bmp
mmPerPixel=2.5
floorColour=clSilver
wallColour=clRed
[robot]
wheelTrack=120
wheelDiam=49.6
gearRatio=0.125
theta=-1.57220222760414
pos.x=125
pos.y=-150
left=0
right=2
[robot.output.1]
type=motor
pos.x=-7.88258347483861E-15
pos.y=60
maxRevPerSec=5.83333333333333
power=1
dirn=0
onOff=1
bias=100
noise=0
[robot.output.2]
type=unused
pos.x=0
pos.y=0
maxRevPerSec=0
power=7
dirn=0
onOff=1
bias=100
noise=0
[robot.output.3]
type=motor
pos.x=7.88258347483861E-15
pos.y=-60
maxRevPerSec=5.83333333333333
power=7
dirn=0
onOff=1
bias=100
noise=0
[robot.input.1]
type=switch
pos.x=50.0000000000466
pos.y=49.9999999999955
bias=0
noise=0
diameter=1
[robot.input.2]
type=light
pos.x=70.0000000000228
pos.y=-2.51687976016157E-11
bias=0
noise=0
diameter=1
[robot.input.3]
type=switch
pos.x=50.0000000000014
pos.y=-50.0000000000308
bias=0
noise=0
diameter=1
