[arena]
background=scanned_lines.bmp
mmPerPixel=2.5
floorColour=clSilver
wallColour=clRed
[robot]
wheelTrack=120
wheelDiam=49.6
gearRatio=0.125
theta=-1.56403933551954
pos.x=130
pos.y=-140
left=0
right=2
[robot.output.1]
type=motor
pos.x=-5.90074321869805E-15
pos.y=60
maxRevPerSec=5.83333333333333
power=2
dirn=0
onOff=0
bias=100
noise=0
[robot.output.2]
type=unused
pos.x=0
pos.y=0
maxRevPerSec=0
power=7
dirn=0
onOff=1
bias=100
noise=0
[robot.output.3]
type=motor
pos.x=5.80473711632445E-15
pos.y=-60
maxRevPerSec=5.83333333333333
power=2
dirn=0
onOff=0
bias=100
noise=0
[robot.input.1]
type=switch
pos.x=50.0000000000382
pos.y=50
bias=0
noise=0
diameter=1
[robot.input.2]
type=light
pos.x=70.0000000000202
pos.y=-1.86893156658118E-11
bias=0
noise=0
diameter=1
[robot.input.3]
type=switch
pos.x=50.0000000000042
pos.y=-50.0000000000258
bias=0
noise=0
diameter=1
