[arena]
background=thick_thin_lines.bmp
mmPerPixel=2.5
floorColour=clSilver
wallColour=clRed
[robot]
wheelTrack=120
wheelDiam=49.6
gearRatio=0.125
theta=0.0196053308572047
pos.x=-170.682414418849
pos.y=47.5356389329637
left=0
right=2
[robot.output.1]
type=motor
pos.x=-7.99360577730113E-15
pos.y=60
maxRevPerSec=5.83333333333333
power=8
dirn=0
onOff=0
bias=100
noise=0
[robot.output.2]
type=unused
pos.x=0
pos.y=0
maxRevPerSec=0
power=7
dirn=0
onOff=1
bias=100
noise=0
[robot.output.3]
type=motor
pos.x=7.99360577730113E-15
pos.y=-60
maxRevPerSec=5.83333333333333
power=8
dirn=0
onOff=0
bias=100
noise=0
[robot.input.1]
type=switch
pos.x=50.0000000000359
pos.y=50.0000000000027
bias=0
noise=0
diameter=1
[robot.input.2]
type=light
pos.x=70.0000000000203
pos.y=-1.52231560690552E-11
bias=0
noise=0
diameter=1
[robot.input.3]
type=switch
pos.x=50.0000000000077
pos.y=-50.0000000000222
bias=0
noise=0
diameter=1
