[arena]
background=black_circuit.bmp
floorColour=clWhite
mmPerPixel=2.5
wallColour=clRed
[robot.input.2]
bias=0
noise=0
diameter=11
type=light
pos.x=70.0000000000139
pos.y=-1.33752335921244E-11
[robot.output.1]
bias=100
noise=0
type=motor
pos.x=-1.21105382666631E-16
pos.y=60
maxRevPerSec=5.83333333333333
power=4
dirn=0
onOff=0
[robot]
wheelTrack=120
wheelDiam=49.6
gearRatio=0.125
theta=1.5707963267949
pos.x=-207.5
pos.y=-2.49999999999999
left=0
right=2
[robot.output.2]
type=unused
pos.x=0
pos.y=0
maxRevPerSec=0
power=7
dirn=0
onOff=1
bias=100
noise=0
[robot.output.3]
type=motor
pos.x=-3.22983827183432E-16
pos.y=-60
maxRevPerSec=5.83333333333333
power=2
dirn=0
onOff=0
bias=100
noise=0
[robot.input.1]
type=switch
pos.x=50.0000000000291
pos.y=50.0000000000024
bias=0
noise=0
diameter=1
[robot.input.3]
type=switch
pos.x=50.0000000000051
pos.y=-50.0000000000181
bias=0
noise=0
diameter=1
